17,85152 - 7,42841
15,4646 - -16,69012
18,08758 - -17,05604
-5,39265 * 5,39098
1,87007 / -7,59109
19,63836 ^ 5,71336
-9,06372 + 2,70874
-4,38063 - 0,37255
19,31093 - -16,9014
-6,7422 / -7,10506
-6,53542 / -18,54854
-10,3618 / -5,9623
-18,07269 / -5,44383
10,35776 + -9,60743
-11,36941 / -11,01225
6,7139 - 0,37758
16,94583 - -17,8754
-0,32546 * -18,6335
19,17476 * 16,6724
8,86226 * -17,20226
1,39656 + 19,02332
14,06764 ^ 19,63296
12,15016 + -14,96764
4,76565 * -13,5061
19,14652 - -13,60045
13,67373 ^ 19,65675
-17,50343 + -9,40946
18,41687 ^ -18,79425
-2,32376 * -4,4411
13,15092 - 15,05264
17,31948 - 2,81857
-4,81648 + 3,1837
-12,88401 + -6,42799
-7,00318 / 1,06871
-11,10235 * 18,06768
7,30543 + 17,71169
9,20734 * -2,79699
11,38667 - 14,02097
-7,32644 - 12,24788
13,38856 ^ 12,84976
-18,18708 - -0,48437
12,36612 * -18,50499
15,04001 + 4,83055
-15,59617 - -6,71143
12,62705 / 17,75746
5,32395 ^ -6,25937
-7,51964 - -16,33571
17,87238 + 17,38426
-3,04671 - -5,85839
-9,38615 / 19,14419
-2,9309 * 0,03355
-3,84114 * 9,88626
-0,62766 + -8,80513
-10,69649 - 18,87456
14,38218 - 11,48724
-19,29969 + -11,68659
-10,00449 / -17,75606
10,47073 - -18,11054
-0,35264 / -16,08713
-15,3231 * 5,17064
-18,13769 / -10,12926
11,37164 ^ 18,96383
10,9384 - -17,16712
19,42239 + -18,01198
2,46663 + 15,20576
16,86078 + -13,90502
6,98917 ^ -12,66087
-12,67428 * 12,17657
4,7284 * -9,49743
10,46203 * 11,40969
17,91357 + 0,22494
15,82127 + 18,16285
5,07984 ^ -14,99562
-10,99576 - 8,58997
-11,59862 - 11,40227
2,7227 * 9,25248
-5,85519 * 5,17169
7,51117 * 11,18127
17,61772 - 16,04597
3,96408 * 5,95484
4,22815 + -7,05612
16,6333 - 15,64033
-16,48663 / 1,40846
-4,551 + 11,65302
7,95318 * 4,46965
17,41733 * 7,65258
18,6473 * 12,96998
-18,70586 * -14,90233
-3,03003 / 0,66029
-13,14232 / 19,25801
6,79963 * 13,9963
-0,89599 * -10,75964
9,90577 - 12,60525
-3,6079 - 0,0504
19,65272 + -18,49833
1,91117 ^ -2,08215
-13,89085 / 12,48236
17,76496 - 15,64566
10,01547 / -17,07809
-9,49161 + 11,0187
13,08351 * 9,69807
1,79093 * -17,69862
5,20058 * -6,3385
5,06555 - 14,29108
18,8607 ^ -15,74346
19,01353 * 3,65961
5,08117 ^ 11,64746
14,26335 * -12,89518
18,49623 / 10,29267
-18,93073 * 8,21756
-12,88594 + -0,94344
18,11669 - -0,28605
1,3011 ^ -4,34394
1,28302 / 7,80126
-5,52813 + 10,3227
-1,87658 - 12,21199
16,45633 / -5,53306
1,91771 * 9,67327
9,8674 + -0,42248
6,55692 - -16,25539
10,37226 ^ 16,84317
8,91858 * -13,40935
14,90217 * -9,20089
-17,47107 * 17,12479
5,86202 ^ -19,9423
0,35452 / -12,34459
16,78126 + -17,54954
1,5921 ^ 0,74613
4,51394 - -14,1775
13,28445 ^ 7,50654
-14,02001 * 18,11426
15,41059 ^ 14,33618
-5,79201 - 0,68167
-17,21611 * 12,25652
-0,32683 + -12,48789
-11,4985 + 7,51706
17,3673 + 18,55095
-3,70766 / -1,24701
-17,23013 + -2,97235
-1,07773 - -1,00216
-8,4064 / 5,11363
14,18318 * -19,24733
8,63706 * -9,87548
9,67613 ^ 12,10741
12,88615 - -2,84119
-1,53763 * 5,05187
-19,8646 / 18,2663
1,10025 - -17,48496
-11,25362 / 8,05078
-3,79057 / -7,70366
11,04757 * -5,82623
-4,76038 - -0,33905
2,94958 / 19,58612
5,32147 ^ -8,1141
-16,84119 / -4,26163
-10,31383 - -5,73718
18,70572 - 11,86781
5,84841 / 18,48396
-1,39473 / 8,66527
-1,75773 + -1,90392
8,29684 * 7,78677
14,61403 ^ -14,71266
9,4504 - -13,74797
-10,61902 / 16,26752
5,90662 * 7,79523
8,56324 ^ 7,62812
8,08751 + 19,39636
-6,69792 + -12,37713
14,78362 / -2,06863
14,91678 ^ -0,22027
12,72466 ^ 15,06988
-8,2555 + 0,58456
5,32453 * 11,91499
17,28984 * -8,58932
14,25589 + 10,77805
14,59533 / 12,76941
11,18734 / -11,41328
4,44213 + -15,67498
-15,35158 + 13,28498
7,43932 + -8,0604
2,4152 / -17,07463
2,58377 + -15,80158
8,08898 - 9,79855
-1,32365 + -12,69739
-0,90985 - 18,29836
-11,89412 - -1,91461
-2,59437 - 15,20054
-5,42622 * -8,96703
-18,66282 + 16,6225
-19,66716 * -18,17407
-0,97862 / 10,71943
-2,71039 / -18,23372
-8,26752 * 1,42775
15,09517 ^ -13,726
-14,99612 * -6,72499
14,68716 - 5,06909
-12,59257 - -2,27818
9,70226 + -14,6744
16,33478 ^ 8,30666
-1,46309 - -0,15366
10,04363 ^ 18,57836
15,37238 + 12,07833
18,28265 - 2,53499
-2,05437 - -19,01585
19,79922 / 8,14795
14,56776 / -15,75302
12,60893 - 8,82439
7,71142 + 2,43615
16,88725 + 1,97721
5,99154 - -12,13897
1,19549 - 0,87054
18,41809 - 12,72523
-5,03625 / 9,83962
9,8463 / 3,06566
-16,27978 + 9,50947
14,3015 * -9,28222
4,30954 ^ 13,8629
-8,57598 - 13,11445
-12,00395 * -8,37732
6,36817 * -6,87317
7,41878 / -2,218
-10,66535 * -7,13636
-19,71557 / 13,6488
-18,84566 / 15,56233
-0,21573 + -14,96512
-12,41252 - -17,37837
17,86284 ^ 19,09425
15,36264 / 5,5777
0,59413 / 11,81666
-15,51847 - 2,68951
-18,4725 * -1,62977
-10,81805 * 12,45056
-1,21124 / -9,3803
9,53034 + 1,31434
15,15317 - -7,09007
8,32832 ^ -4,41644
-3,59481 * 4,85832
8,86021 ^ -12,8798
9,88741 - -13,63069
2,52012 ^ 3,95965
0,34785 ^ -13,52906
-16,13505 + 15,73385
-14,01486 - 7,20456
-18,94895 - 0,26508
14,6668 + -3,41728
-19,21343 + 17,3561
-12,5622 - -3,92418
-17,52662 - -14,22444
14,67209 ^ -2,00898
9,55852 / 18,32716
0,1643 - -7,91
13,34514 * 2,45907
-8,28629 - 1,53726
7,76099 ^ 4,13728
2,68341 - 9,41261
-12,29736 * -3,16377
-1,8991 + 4,85333
8,94721 / 7,47938
-14,57103 * 16,29964
19,64779 + 12,75838
12,94314 / 16,89245
-14,21448 + 9,00571
-12,47633 / 7,50497
5,85124 * -5,58486
4,88549 * -9,72615
10,28176 / -15,14926
12,02036 - 14,03396
-16,58782 + -2,90342
17,83567 + 6,2841
4,8037 / -3,33413
-14,93478 / -3,86318
17,39756 - 5,12386
14,13172 ^ 15,20014
-13,84243 / 6,41581
-11,15674 + -9,52148
11,82105 ^ 18,65876
18,55083 - -2,28351
9,31006 ^ 8,10009
7,02214 - -7,75995
12,83911 + -1,89082
-1,96212 + 19,44428
-8,08162 * 17,35092
-15,47813 * 18,15897
-7,12121 * -13,5402
14,20025 + 2,72421
17,63935 * 14,20123
17,47589 - -19,57451
12,87343 + -5,01273
-13,3966 * -13,06565
17,29168 + -19,75568
-9,00529 * -9,75517
13,08339 * -9,59586
-1,88409 * 10,23197
13,61091 * 9,63783
19,17321 / 2,55448
3,05236 / -16,2525
6,62391 - 4,94396
17,95684 + 10,59771
9,47041 / 18,51379
-17,95323 / 16,10454
-7,25091 - -5,74711
11,40128 - 0,74904
13,71989 ^ 12,29967
14,60388 / -14,10075
0,40283 / -17,49933
1,40944 / 19,43229
16,34923 + -5,1401
4,00641 - -15,17772
-6,83335 - -11,33577
8,96651 + -1,26813
7,61936 ^ -11,90049
-5,35991 - -16,15697
0,69598 * 18,69062
14,30321 / -7,43804
-5,85839 * -4,83326
-2,40948 + 10,72096
17,21762 * 5,17866
19,11082 + -19,5437
7,85763 + -4,8361
5,53401 ^ 17,365
1,13401 * -18,34184
11,50015 * -5,09646
10,20824 / 14,86475
-0,04274 + -10,47121
16,73568 - -4,68715
5,40678 / -9,36097
14,60582 + -5,31916
-0,40688 + -10,39074
3,02417 - 0,75082
-18,70916 + -18,7408
15,50476 / -14,15475
-14,84777 - -12,3323
-12,87117 / -6,96425
-19,53958 * -5,94333
13,32754 * 4,64105
16,16409 / -11,99474
19,90776 ^ -4,54066
-18,67055 / -4,3042
-5,68876 - 17,25039
-3,08926 - -16,98626
12,60638 / 1,76149
-19,65655 * -6,95253
-3,25676 * -6,93467
7,69769 - 7,60313
-2,60523 + -13,73247
3,80532 ^ 18,58975
-2,37388 - 4,67494
-15,03882 * -2,96987
5,71608 + 14,57104
8,69516 / -0,43148
-2,46505 * -8,83348
-11,51184 * 10,96993
12,90995 - 7,62406
-17,52246 * -19,50695
-0,19773 / -14,36275
15,77611 ^ -4,12807
-4,03442 - 12,20935
16,08894 ^ -1,54061
4,49844 ^ -1,77915
8,49164 - -10,4822
-10,90347 / 19,08448
5,89047 * 5,28763
-2,50239 + 15,58756
13,56324 * -0,28225
18,53244 + 1,87112
19,96029 + 16,91692
-4,56051 / 14,63165
-8,66199 - 8,58402
-19,31222 - -13,98005
8,94833 + -15,90112
6,70299 * 8,90038
19,74776 + -10,69829
0,21009 / 15,70191
2,9969 - 1,75983
-7,41387 - -7,07619
-6,74492 - 4,91897
-7,79822 * -9,98
-4,77082 / 2,87145
17,36487 ^ 12,27698
-0,03706 * -4,45967
6,38497 ^ 18,58253
-9,02064 + 19,38906
-17,3613 / 0,37024
-6,71954 / 6,81283
18,63199 * -18,5589
17,2538 / 7,60618
14,35136 - 4,62084
18,27917 ^ -2,79777
13,23996 + -19,78904
-4,36531 - -14,37045
11,11495 ^ 15,58963
2,12427 + 9,46118
12,01331 + 15,51452
19,88716 + -18,15481
6,65812 ^ 13,59709
-8,02761 * -17,17565
9,51659 * -19,93291
13,27199 - 18,38129
13,19687 + -0,76705
0,48794 - -7,04426
16,27456 + 14,16799
13,53613 ^ -17,22624
-1,6241 + 19,00182
-3,58631 + -1,23361
17,48835 - 5,36261
12,73671 + -16,29936
3,52265 - 2,15667
2,13236 - 12,53275
-8,79589 + 8,77154
-15,6449 - -7,44607
8,13789 * 0,51727
-3,08428 * 0,36275
17,1496 * 12,433
-9,96443 - 17,47182
9,40754 / 14,23799
-1,01175 / -18,26539
6,62731 ^ -2,57909
17,30595 / 1,83277
19,78117 * 14,28446
6,93754 / -18,21636
-19,72602 / -9,0874
5,48902 - -4,28783
18,44187 * -16,2201
5,16113 / 0,53922
-2,29973 + -18,73703
6,04459 + -9,68383
0,38062 / -9,27991
-4,01467 / 1,78874
-2,05154 - 13,88226
1,24885 - -16,35768
0,17724 + 0,35596
-7,82466 / -19,75638
3,48427 + -17,81214
2,78088 - -5,59921
6,55239 - 8,09564
-0,62408 - -14,27019
-6,72114 + 16,40584
-11,62638 / -8,79885
18,84717 - 5,31236
10,97453 ^ 7,9855
18,94439 - -3,12326
17,90762 * -9,1765
15,56782 * -9,1592
-8,37258 - 18,197
5,11832 / 13,97754
-2,28358 - 5,84193
-3,10576 / -18,5325
-8,09006 - -1,68957
-15,39776 + -0,2977
12,28297 / -8,6221
-4,11415 - -0,09916
-5,38671 * -11,25515
13,6974 / 17,8274
-3,9744 * 11,64749
-19,71808 + -16,86387
-17,49923 * -5,37547
-10,74476 * 3,32904
-3,49337 / 1,97243
7,46059 ^ -2,46545
-5,58017 * 13,88764
-16,42444 * -17,30774
10,55284 * -12,38632
3,17231 + 3,42614
16,3625 ^ 12,95208
2,46824 * 1,65923
12,68883 / 8,2377
13,10034 * 13,20093
-14,99765 / 13,94643
-7,54829 - -13,8699
-19,51549 / 15,33504
4,98053 ^ -3,75987
-11,42436 + 17,79451
15,49366 * -5,39955
12,76881 + 4,80951
2,84437 / 4,35463
-6,06943 / -5,3854
13,24191 + 3,99729
2,87746 / -18,95286
12,00499 ^ 2,32975
-10,61238 + -16,21522
11,21451 - -17,76029
18,76686 ^ 7,45985
18,70939 + 9,75529
2,58531 * 4,24259
6,15696 / 2,5437
19,25552 - 14,00475
17,77955 / 3,83587
5,98492 + -5,97434
12,95582 ^ 2,07843
-15,07475 - 12,7713
6,88905 * 13,11199
4,48298 / 0,24428
8,52604 + 7,51281
-12,99004 * 16,12464
2,45735 + 3,44252
8,16138 + -0,55784
-17,97621 * -15,64983
-14,71778 / -15,69047
-9,09232 - -17,11074
-16,57227 - 7,19778
-1,6739 - -17,8259
7,09789 ^ -6,54519
18,15281 + 7,97697
-8,15875 + -9,8315
12,85287 + 3,35058
5,70096 / 16,15294
-7,71835 * -16,24627
12,05539 * 17,61721
17,40042 / 8,90648
-5,27659 / -10,41428
4,23106 / 8,53165
19,35778 + -12,85412
6,69541 ^ 17,1554
-10,70518 + 6,99237
13,88127 * 5,41182
-10,92709 + 19,79696
3,59958 - -0,85378
3,41516 ^ -3,37416
12,92022 / -1,7305
-10,55168 / 2,67057
-17,36203 + -10,26182
9,74305 ^ -7,71038
16,32874 + -4,43964
-17,53074 * 11,5649
12,46749 / -18,82598
17,09362 + -4,83154
11,38592 * -6,2642
17,57506 ^ 10,41998
13,42299 * -15,29262
-0,12337 * 16,20003
10,98571 ^ 19,84983
3,96108 ^ -17,18914
5,7162 / -14,50409
1,85535 / 6,61281
-0,518 / -5,28256
-4,05255 * -7,3156
-17,30704 + -12,60563
12,49376 * -0,85787
19,58223 ^ 17,78736
-14,19063 - 4,17485
5,1604 / -8,29439
-8,7256 * -9,54793
5,40314 / -4,23982
17,59013 * 9,6879
-18,62726 - 0,62633
16,5596 / 3,58619
3,56623 ^ -14,94985
15,9435 ^ -1,89773
1,97644 - -18,50409
3,91372 * -12,15231
1,37428 / 17,13608
-9,0783 - 6,79343
9,50353 ^ 7,86368
-16,53177 * -6,13011
19,75204 ^ 5,15429
-17,83655 - -19,957
19,01767 * 9,04506
18,7031 + 7,36978
-18,95339 * -13,58408
-15,60533 - -7,14847
11,4121 ^ 11,07374
-16,29155 - 4,79496
8,91292 + 5,64958
-13,53155 * 1,9013
-8,42439 - -9,87579
-19,3587 + 3,92789
4,80606 - 15,25598
12,93485 - 17,69056
-9,52414 * 15,65495
5,88902 / -3,44154
-11,87059 / 6,05802
-1,34301 / 7,19117
16,63269 - -4,15242
-11,75048 * 14,64116
12,01781 - 4,00705
-13,23878 * -6,71876
8,13613 ^ -6,9575
6,21265 * 15,2338
4,84585 ^ 7,74618
-0,44521 * 6,04968
-12,26876 + 5,89886
7,11772 - -3,52361
10,76154 ^ -6,82501
-19,31278 / 4,03801
18,15078 / 14,52258
4,26724 ^ -8,1159
-4,68266 + 3,84684
17,1079 ^ 19,53826
-0,45229 * -11,02646
8,58283 + -0,95337
8,63863 - 9,76988
-18,97358 - -14,7055
-2,75693 + 1,08462
-1,3417 - -0,76635
15,77451 / -16,44742
-3,30674 * 15,79965
-19,88316 - -10,82582
10,11587 - 12,80196
16,87443 / 7,10996
-17,80058 / -9,84852
17,93702 + -12,65377
-5,46145 - -6,72704
-7,14197 / -5,66853
-6,71502 * 7,31871
-19,01119 + 18,31022
15,76117 - -4,26498
12,46319 + -16,76123
12,99348 + -1,54966
-4,46132 * -3,2015
-4,24865 * 12,17883
11,63469 ^ 17,13076
17,92367 + 14,45432
3,18302 ^ 3,45085
13,72898 / -15,48466
-6,91102 + -10,05767
-0,46953 * -13,07411
-14,81968 * -11,04463
-12,49568 + 18,29217
15,84019 - -19,14011
6,05503 * -8,16712
7,54242 / 19,64873
-3,37165 / 5,26343
-6,46282 / 12,62289
0,76009 + -4,25103
15,66447 / -11,72946
-16,28805 - -5,7353
5,7899 + -7,12396
2,8575 - 8,44975
2,82682 - 8,60629
-15,68796 / 6,32712
17,46828 - -10,25088
10,69205 / 6,22825
7,3592 - -5,38157
2,3403 * 17,05606
5,37243 - 17,18397
10,06389 / -18,66587
14,09518 / -0,24843
11,87363 / 4,67886
2,09851 - -17,32367
-7,24051 + 0,45476
5,75269 - -18,55829
2,65544 ^ -12,02184
5,57866 ^ 2,37449
15,3601 ^ -5,22402
-15,05306 + -19,88273
16,20486 - -16,95747
9,90953 * -14,4451
-18,49955 + -19,93402
4,45678 ^ -17,47496
1,76003 - 4,986
16,47622 * -10,12673
14,85315 ^ 13,07058
-11,63946 + -1,15693
8,10641 * -8,07082
15,98691 ^ -5,48036
-2,66743 + 2,50054
19,70048 ^ -13,35426
11,17809 / -4,50984
-12,30466 + 17,86022
-10,59806 * -11,17533
16,60408 - 8,42734
1,7073 - -6,90696
0,37775 ^ 12,04509
0,35702 + 11,7533
10,76881 - -17,2765
-12,03725 + 18,94939
14,50494 * -12,69762
-16,96402 + 16,90526
-15,32687 / -2,61665
4,78435 * -9,68093
9,06939 ^ -16,14881
2,324 - 13,28471
9,98868 + -14,59381
1,34161 / -2,0136
9,62437 - -13,379
0,24649 * 3,33536
7,93679 * 1,61846
11,66782 * -6,25716
10,82996 - 5,16156
-15,4097 * -18,1557
-9,96079 + -8,41893
-15,31783 / -0,66958
-7,26669 / 0,60048
12,42874 * 1,60773
14,8537 * 7,23184
16,31777 / 19,50719
17,67438 * 9,06294
5,85631 - 17,50636
-15,01469 + 19,42979
7,03653 + -2,02692
-3,37931 - -17,32696
11,93136 / 18,39995
5,17877 ^ -2,04454
18,15353 / -19,50856
15,842 * -9,7894
8,51363 / 5,82211
15,62795 + 10,64422
-19,53527 - -9,28798
-12,70414 + 3,79112
13,30826 - -16,59593
1,43076 + 17,08716
3,19838 + 13,96717
-8,78351 + -14,49399
-19,94736 + 11,93113
-0,06879 - -7,69349
3,79932 ^ -1,63188
-4,85096 / -10,70943
-1,39916 + 6,0675
13,33226 - -7,56869
18,2448 ^ -16,2196
11,17519 * -14,08179
4,09992 / 5,49711
11,37232 / -1,43045
-3,13652 * 9,10518
-13,44882 + 15,33808
-6,09644 / 7,57828
-11,42025 * -7,30977
-5,11897 * -12,70989
-4,57192 + -18,62948
17,7158 ^ -18,23539
14,63652 ^ 15,34713
2,09708 * -13,32044
1,30478 - -2,34844
-0,35468 - 3,95176
16,86413 / -7,34808
0,73827 * 2,64107
-8,96278 - -19,58373
12,69091 + -4,25227
4,43296 * -4,7212
-3,20794 - -6,76531
-19,05186 / -10,1595
12,65621 ^ 1,39318
-0,96153 - -19,16555
11,63535 ^ 13,66251
19,99082 - -0,96967
-17,6655 + -9,76276
14,03109 / 2,93408
5,97838 - 18,35005
3,17482 - 2,4839
10,89835 * 7,24499
-19,37237 + -11,23317
-0,39205 / -8,10114
8,11278 * 4,96549
10,86934 - 15,02947
-19,35745 - -14,55278
15,95215 * 11,46876
3,33089 - 1,38767
-10,15335 * 11,45493
-18,69801 + -16,37184
-1,2933 / 3,72009
15,55524 * 5,23366
-4,7182 + 10,86799
1,11784 ^ 12,30288
16,31698 * -2,99561
8,58208 - -0,02312
-18,21342 * -7,98866
18,78755 / 16,92793
16,41441 - 10,23717
4,78361 * 14,80293
3,9959 + 5,52434
11,01179 * 11,67584
4,26628 / -11,23538
-14,46897 / 0,09714
-8,65936 * -9,62825
-3,35559 + -9,01255
17,22563 ^ -10,41438
7,59555 ^ 0,63275
-6,82811 - -15,32668
-17,64766 * 1,22942
-1,48527 - -3,73269
7,19146 * -9,78271
16,31161 ^ 19,81688
16,53462 * 17,4103
7,34863 ^ 5,0329
7,08887 * 2,76345
-2,0763 * 18,88771
-0,95753 / -8,28979
-18,65281 - -8,23066
0,94872 / -14,46995
-15,47152 / -4,96934
13,90406 - -10,61613
19,956 * -18,08508
6,61859 / 16,00566
15,99436 / 12,4198
9,42192 - -18,34153
16,24904 + 17,50978
-10,91815 * 10,87654
-15,91989 + 16,78907
2,51773 / -11,12685
-0,16426 / -4,85879
-4,37163 + 16,78101
-3,36667 - 3,47934
9,76228 * 1,68595
3,2142 ^ -18,11751
12,90406 / -18,14073
-10,20666 + -13,82793
4,94436 * 19,46479
-0,15941 * -3,94216
11,02871 + 1,29811
-9,08826 / -0,66813
-0,10655 + -18,44504
4,58449 + -3,58945
-10,05221 / -3,91465
5,71566 ^ 3,39264
18,39062 - 19,06102
-12,30666 * 14,89987
-13,22566 - -1,35329
8,84091 * -2,15362
16,75548 + -19,18197
14,34044 / -1,33258
2,97545 + -15,63687
-16,41766 + 19,35762
17,07161 - 0,2535
-1,36994 - 10,37821
11,26371 * 9,48729
-11,71803 - -13,78943
14,99569 + -12,65667
-12,36702 - -15,44217
-15,28631 * -16,07869
13,52667 / 10,35257
-8,52808 * 4,14987
12,28447 ^ 10,50071
17,00931 + -13,92811
13,41643 + -12,7466
-16,20268 * 12,65354
7,67825 * 12,99017
9,05369 ^ -7,9495
8,22098 * 18,75091
13,74464 / 2,99193
12,48674 * 7,5201
12,0074 / 12,80156
-0,95646 / 18,46328
-14,25366 + 11,76485
15,0194 / -15,63779
4,81962 + -2,58695
9,30951 + 0,55499
6,61702 / -0,37776
12,75804 - -6,0914
19,84963 - -3,52989
-4,81042 / -14,73656
15,89609 ^ 3,03639
2,84849 - 2,69607
19,1861 / 12,31905
10,19935 + 7,02407
-2,09492 * -4,79816
15,01223 / -18,8346
-0,17081 * -10,2703
-12,29674 - 10,55006
18,539 / 5,91412
11,18446 * -16,28015
-12,8548 + -15,17837
19,37148 * -4,84244
2,08351 + -4,78049
-13,31325 * -16,87886
-18,10858 - -14,93247
16,13013 ^ -1,59641
7,53962 / -7,02483
-6,25876 - -3,25776
13,20223 ^ 4,99611
14,35952 - -3,25117
-15,25155 - 18,67285
14,47646 + 19,46319
-3,7025 + -5,70529
13,98028 / -13,80551
1,74587 * 8,29209
17,16198 / 5,67635
-1,19689 - -0,11509
12,71997 + 6,82808
-7,78156 / 13,37554
-15,00848 - 8,51728
14,69304 - 9,4308
4,95083 * -1,05527
7,06234 * -13,27314
-10,86295 + 12,35782
-10,98129 * -15,22654
-5,16027 - 5,12943
10,28679 - -16,29616
14,1802 * 9,1473
-9,28469 / -15,66802
8,65172 - -4,80812
4,45224 * 7,58628
13,84551 ^ -18,04773
10,54756 ^ 7,61491
-18,42006 - 6,10162
0,40624 - 11,43913
-3,15267 * -13,42478
11,15664 - 4,24559
-14,66331 / -8,33172
-12,92512 / -9,74366
17,85171 * 5,82939
14,69933 ^ 3,20398
-8,28281 + -5,30906
7,8363 - -11,34763
-13,3451 - -16,72123
11,16993 * -10,09437
